Accuracy = 0.883135
F1 = 0.906749
MCC = 0.750554
Specificity = 0.829874
