Accuracy = 0.970170
F1 = 0.975915
MCC = 0.936756
Specificity = 0.963933
