Accuracy = 0.913352
F1 = 0.931496
MCC = 0.814821
Specificity = 0.854372
