Accuracy = 0.837164
F1 = 0.870467
MCC = 0.651764
Specificity = 0.764206
