Accuracy = 0.982825
F1 = 0.986159
MCC = 0.963536
Specificity = 0.977543
