Accuracy = 0.977014
F1 = 0.981543
MCC = 0.951127
Specificity = 0.963933
