Accuracy = 0.970041
F1 = 0.975763
MCC = 0.936599
Specificity = 0.966996
