Accuracy = 0.970300
F1 = 0.975992
MCC = 0.937094
Specificity = 0.965975
