Accuracy = 0.970170
F1 = 0.975890
MCC = 0.936814
Specificity = 0.965635
