Accuracy = 0.830062
F1 = 0.870854
MCC = 0.633518
Specificity = 0.677441
