Accuracy = 0.977531
F1 = 0.981924
MCC = 0.952251
Specificity = 0.967676
