Accuracy = 0.981276
F1 = 0.984910
MCC = 0.960246
Specificity = 0.975502
