Accuracy = 0.982696
F1 = 0.986021
MCC = 0.963338
Specificity = 0.981286
