Accuracy = 0.982309
F1 = 0.985781
MCC = 0.962397
Specificity = 0.972440
