Accuracy = 0.977273
F1 = 0.981758
MCC = 0.951674
Specificity = 0.963593
