Accuracy = 0.981018
F1 = 0.984743
MCC = 0.959774
Specificity = 0.985492
