Accuracy = 0.906250
F1 = 0.926637
MCC = 0.799667
Specificity = 0.827833
