Accuracy = 0.875129
F1 = 0.904001
MCC = 0.732808
Specificity = 0.756720
