Accuracy = 0.977144
F1 = 0.981637
MCC = 0.951406
Specificity = 0.964954
