Accuracy = 0.829287
F1 = 0.868927
MCC = 0.631519
Specificity = 0.694114
