Accuracy = 0.880165
F1 = 0.905209
MCC = 0.743423
Specificity = 0.811501
