Accuracy = 0.977144
F1 = 0.981633
MCC = 0.951409
Specificity = 0.965294
