Accuracy = 0.981792
F1 = 0.985268
MCC = 0.961494
Specificity = 0.982647
