Accuracy = 0.976756
F1 = 0.981324
MCC = 0.950584
Specificity = 0.964614
