Accuracy = 0.898502
F1 = 0.919202
MCC = 0.783214
Specificity = 0.846206
