Accuracy = 0.969783
F1 = 0.975579
MCC = 0.935987
Specificity = 0.964954
