Accuracy = 0.970170
F1 = 0.975860
MCC = 0.936893
Specificity = 0.967676
